5.000000e+02


0.000000e+00  2.500000e+00
10


5
0.000000e+00  5.0500e+01  8.8500e+01  1.2250e+02  2.9900e+02  4.4300e+02


 2.834600e-02   2.894050e-02   2.350180e-02   2.851500e-02   2.471680e-02   3.131950e-02   3.354390e-02   4.221680e-02   2.128160e-02   3.626820e-02
 1.455278e-01   1.406489e-01   1.013543e-01   1.016234e-01   1.015174e-01   1.395006e-01   2.067382e-01   2.745283e-01   3.440079e-01   4.720613e-01
 3.329600e-04   2.393300e-04   2.914400e-04   3.138100e-04   1.512000e-04   2.680000e-04   2.681000e-04   2.335200e-04   0.000000e+00   5.626700e-04
 9.859100e-04   8.339200e-04   8.132900e-04   7.456800e-04   9.205500e-04   1.323480e-03   2.513740e-03   3.119820e-03   3.529610e-03   2.684310e-03
 1.020280e-06   1.423780e-06   6.925500e-07   0.000000e+00   1.646660e-06   4.844400e-07   1.333390e-06   0.000000e+00   8.867600e-07   1.207360e-06
-1.555875e+00  -1.582922e+00  -1.115737e+00  -1.497544e+00  -1.291689e+00  -1.706441e+00  -1.924553e+00  -2.736518e+00  -1.238367e+00  -1.903378e+00
-4.616261e-01  -5.690867e-01   7.145103e-01   7.459054e-01   5.980468e-01  -1.358144e+00  -6.116882e+00  -1.103969e+01  -1.598874e+01  -2.060165e+01
-2.482198e-02  -1.612382e-02  -2.057504e-02  -2.237912e-02  -9.655382e-03  -1.691123e-02  -1.677430e-02  -1.227881e-02   1.167829e-02  -4.033042e-02
-1.876622e-02  -1.988124e-03  -5.383145e-03   1.066636e-03  -1.328030e-02  -2.508319e-02  -1.093187e-01  -1.302776e-01  -9.472255e-02   2.951796e-02
-1.050436e-04  -1.390453e-04  -7.748940e-05  -3.689872e-05  -1.818221e-04  -9.488003e-05  -1.444955e-04  -4.948743e-05  -1.014421e-04  -6.194586e-05
 1.131466e+02   1.156484e+02   1.113325e+02   1.281838e+02   1.361093e+02   1.586318e+02   1.838961e+02   2.252771e+02   2.213042e+02   2.462498e+02
 8.993520e+01   9.816040e+01   1.012054e+02   1.138188e+02   1.562489e+02   2.471020e+02   4.353238e+02   6.952963e+02   1.058591e+03   1.397242e+03
 2.409900e+00   2.277900e+00   2.487580e+00   2.744570e+00   2.752830e+00   3.188590e+00   3.644900e+00   4.119810e+00   4.022660e+00   5.666150e+00
 2.222230e+00   1.993190e+00   2.407010e+00   2.863040e+00   4.082360e+00   5.539590e+00   9.392970e+00   1.338742e+01   1.729468e+01   2.199905e+01
 1.412430e-02   1.487917e-02   1.507505e-02   1.838406e-02   2.176304e-02   2.224685e-02   2.675259e-02   2.995631e-02   3.439224e-02   4.123414e-02
 0.000000e+00   0.000000e+00   0.000000e+00   0.000000e+00   0.000000e+00   0.000000e+00   0.000000e+00   0.000000e+00   0.000000e+00   0.000000e+00
 0.000000e+00   0.000000e+00   0.000000e+00   0.000000e+00   0.000000e+00   0.000000e+00   0.000000e+00   0.000000e+00   0.000000e+00   0.000000e+00
 0.000000e+00   0.000000e+00   0.000000e+00   0.000000e+00   0.000000e+00   0.000000e+00   0.000000e+00   0.000000e+00   0.000000e+00   0.000000e+00
 0.000000e+00   0.000000e+00   0.000000e+00   0.000000e+00   0.000000e+00   0.000000e+00   0.000000e+00   0.000000e+00   0.000000e+00   0.000000e+00
 0.000000e+00   0.000000e+00   0.000000e+00   0.000000e+00   0.000000e+00   0.000000e+00   0.000000e+00   0.000000e+00   0.000000e+00   0.000000e+00
 0.000000e+00   0.000000e+00   0.000000e+00   0.000000e+00   0.000000e+00   0.000000e+00   0.000000e+00   0.000000e+00   0.000000e+00   0.000000e+00
 0.000000e+00   0.000000e+00   0.000000e+00   0.000000e+00   0.000000e+00   0.000000e+00   0.000000e+00   0.000000e+00   0.000000e+00   0.000000e+00
 0.000000e+00   0.000000e+00   0.000000e+00   0.000000e+00   0.000000e+00   0.000000e+00   0.000000e+00   0.000000e+00   0.000000e+00   0.000000e+00
 0.000000e+00   0.000000e+00   0.000000e+00   0.000000e+00   0.000000e+00   0.000000e+00   0.000000e+00   0.000000e+00   0.000000e+00   0.000000e+00
 0.000000e+00   0.000000e+00   0.000000e+00   0.000000e+00   0.000000e+00   0.000000e+00   0.000000e+00   0.000000e+00   0.000000e+00   0.000000e+00

 4.839910e-02   5.278350e-02   1.638360e-02   3.228140e-02   1.961440e-02   3.805690e-02   7.586740e-02   1.618499e-01   9.658140e-02   5.491060e-02
 4.703302e-01   2.375999e-01   2.263963e-01   2.310650e-01   2.638146e-01   2.969777e-01   4.641930e-01   6.837496e-01   9.557752e-01   1.619750e+00
 1.166090e-03   5.170500e-04   1.188530e-03   1.094270e-03   3.294200e-04   9.856100e-04   1.131590e-03   3.995800e-04   0.000000e+00   2.490230e-03
 2.370840e-03   1.727400e-03   2.064600e-03   2.040500e-03   3.768760e-03   3.665120e-03   8.155500e-03   9.123580e-03   5.013440e-03   0.000000e+00
 3.993530e-06   2.752160e-06   3.053940e-06   3.624990e-06   6.345430e-06   5.613740e-06   5.303210e-06   0.000000e+00   1.859400e-06   0.000000e+00
-2.668763e+00  -3.016924e+00   3.632761e-01  -9.029757e-01  -3.139984e-01  -1.072407e+00  -5.451716e+00  -1.331000e+01  -9.878155e+00  -1.688372e+00
-3.025724e+00  -2.560648e+00  -7.740984e+00  -6.796933e+00  -7.129801e+00  -8.267690e+00  -2.572091e+01  -4.854773e+01  -7.681615e+01  -8.165233e+01
-9.990141e-02  -3.807983e-02  -1.017317e-01  -9.460744e-02  -2.407821e-02  -7.839286e-02  -9.610763e-02  -3.007769e-02   3.244402e-02  -2.293375e-01
-1.264497e-01  -6.760633e-03  -9.408187e-02  -7.353529e-02  -2.319980e-01  -1.569476e-01  -5.941313e-01  -7.357393e-01   9.767011e-02   7.658214e-01
-3.349159e-04  -1.655642e-04  -2.177993e-04  -2.809709e-04  -5.176547e-04  -5.191413e-04  -3.699805e-04   1.246159e-04  -1.258745e-05  -6.297044e-06
 2.868423e+02   2.941319e+02   2.214439e+02   2.648754e+02   2.684694e+02   3.013503e+02   4.660978e+02   7.029302e+02   7.134099e+02   5.449379e+02
 2.065220e+02   2.902575e+02   4.372684e+02   4.304681e+02   5.068702e+02   6.416300e+02   1.313797e+03   2.230448e+03   3.590479e+03   3.837954e+03
 6.333130e+00   5.112500e+00   6.641220e+00   6.908730e+00   6.028250e+00   7.811100e+00   9.388200e+00   1.057658e+01   8.999920e+00   1.706357e+01
 7.740600e+00   4.584210e+00   7.045690e+00   7.875180e+00   1.283330e+01   1.375825e+01   3.016987e+01   4.671356e+01   3.312996e+01   3.553543e+01
 2.957411e-02   2.483178e-02   2.862882e-02   3.582738e-02   4.192974e-02   4.764733e-02   4.975816e-02   5.195686e-02   6.102476e-02   9.482558e-02
 0.000000e+00   0.000000e+00   0.000000e+00   0.000000e+00   0.000000e+00   0.000000e+00   0.000000e+00   0.000000e+00   0.000000e+00   0.000000e+00
 0.000000e+00   0.000000e+00   0.000000e+00   0.000000e+00   0.000000e+00   0.000000e+00   0.000000e+00   0.000000e+00   0.000000e+00   0.000000e+00
 0.000000e+00   0.000000e+00   0.000000e+00   0.000000e+00   0.000000e+00   0.000000e+00   0.000000e+00   0.000000e+00   0.000000e+00   0.000000e+00
 0.000000e+00   0.000000e+00   0.000000e+00   0.000000e+00   0.000000e+00   0.000000e+00   0.000000e+00   0.000000e+00   0.000000e+00   0.000000e+00
 0.000000e+00   0.000000e+00   0.000000e+00   0.000000e+00   0.000000e+00   0.000000e+00   0.000000e+00   0.000000e+00   0.000000e+00   0.000000e+00
 0.000000e+00   0.000000e+00   0.000000e+00   0.000000e+00   0.000000e+00   0.000000e+00   0.000000e+00   0.000000e+00   0.000000e+00   0.000000e+00
 0.000000e+00   0.000000e+00   0.000000e+00   0.000000e+00   0.000000e+00   0.000000e+00   0.000000e+00   0.000000e+00   0.000000e+00   0.000000e+00
 0.000000e+00   0.000000e+00   0.000000e+00   0.000000e+00   0.000000e+00   0.000000e+00   0.000000e+00   0.000000e+00   0.000000e+00   0.000000e+00
 0.000000e+00   0.000000e+00   0.000000e+00   0.000000e+00   0.000000e+00   0.000000e+00   0.000000e+00   0.000000e+00   0.000000e+00   0.000000e+00
 0.000000e+00   0.000000e+00   0.000000e+00   0.000000e+00   0.000000e+00   0.000000e+00   0.000000e+00   0.000000e+00   0.000000e+00   0.000000e+00

 8.491970e-01   8.569416e-01   8.513069e-01   8.585221e-01   8.306274e-01   8.285028e-01   8.420952e-01   8.392236e-01   8.380031e-01   8.404768e-01
 9.914205e-01   9.519848e-01   8.106674e-01   8.814887e-01   8.642403e-01   8.470676e-01   8.362638e-01   8.067034e-01   8.610662e-01   8.501167e-01
 7.896619e-01   7.895416e-01   7.787500e-01   7.859872e-01   7.706043e-01   7.879152e-01   8.098138e-01   8.602694e-01   8.890757e-01   8.180944e-01
 9.285672e-01   9.673658e-01   8.953749e-01   8.871848e-01   8.228415e-01   8.401878e-01   8.633110e-01   8.719056e-01   9.122466e-01   8.843272e-01
 7.022469e-01   6.988630e-01   6.656527e-01   6.237808e-01   6.441995e-01   6.129846e-01   6.997554e-01   7.156049e-01   7.222609e-01   8.536818e-01
 0.000000e+00   0.000000e+00   0.000000e+00   0.000000e+00   0.000000e+00   0.000000e+00   0.000000e+00   0.000000e+00   0.000000e+00   0.000000e+00
 0.000000e+00   0.000000e+00   0.000000e+00   0.000000e+00   0.000000e+00   0.000000e+00   0.000000e+00   0.000000e+00   0.000000e+00   0.000000e+00
 0.000000e+00   0.000000e+00   0.000000e+00   0.000000e+00   0.000000e+00   0.000000e+00   0.000000e+00   0.000000e+00   0.000000e+00   0.000000e+00
 0.000000e+00   0.000000e+00   0.000000e+00   0.000000e+00   0.000000e+00   0.000000e+00   0.000000e+00   0.000000e+00   0.000000e+00   0.000000e+00
 0.000000e+00   0.000000e+00   0.000000e+00   0.000000e+00   0.000000e+00   0.000000e+00   0.000000e+00   0.000000e+00   0.000000e+00   0.000000e+00
-6.139800e+00  -5.936600e+00  -7.004520e+00  -3.933890e+00   1.428270e+01   2.560672e+01   2.305781e+01   2.664515e+01   3.581522e+01  -1.456620e+00
-3.307927e+01  -1.788869e+01   6.230845e+01  -3.784450e+00   4.516360e+00  -6.328500e-01   2.240430e+01   3.387872e+01   2.738504e+01  -2.402056e+01
 4.191641e+01   4.376706e+01   5.694385e+01   5.196920e+01   6.810905e+01   5.861439e+01   4.529123e+01   1.316445e+01  -1.505212e+01   4.911318e+01
-6.093660e+00  -4.369612e+01  -8.598250e+00  -9.994650e+00   3.518894e+01   5.910360e+00   4.617840e+00  -9.966490e+00  -4.742190e+01  -3.840314e+01
 8.951881e+01   8.636092e+01   1.158372e+02   1.516686e+02   1.390085e+02   1.754184e+02   9.848983e+01   1.027411e+02   1.055230e+02   2.934515e+01
 0.000000e+00   0.000000e+00   0.000000e+00   0.000000e+00   0.000000e+00   0.000000e+00   0.000000e+00   0.000000e+00   0.000000e+00   0.000000e+00
 0.000000e+00   0.000000e+00   0.000000e+00   0.000000e+00   0.000000e+00   0.000000e+00   0.000000e+00   0.000000e+00   0.000000e+00   0.000000e+00
 0.000000e+00   0.000000e+00   0.000000e+00   0.000000e+00   0.000000e+00   0.000000e+00   0.000000e+00   0.000000e+00   0.000000e+00   0.000000e+00
 0.000000e+00   0.000000e+00   0.000000e+00   0.000000e+00   0.000000e+00   0.000000e+00   0.000000e+00   0.000000e+00   0.000000e+00   0.000000e+00
 0.000000e+00   0.000000e+00   0.000000e+00   0.000000e+00   0.000000e+00   0.000000e+00   0.000000e+00   0.000000e+00   0.000000e+00   0.000000e+00
 0.000000e+00   0.000000e+00   0.000000e+00   0.000000e+00   0.000000e+00   0.000000e+00   0.000000e+00   0.000000e+00   0.000000e+00   0.000000e+00
 0.000000e+00   0.000000e+00   0.000000e+00   0.000000e+00   0.000000e+00   0.000000e+00   0.000000e+00   0.000000e+00   0.000000e+00   0.000000e+00
 0.000000e+00   0.000000e+00   0.000000e+00   0.000000e+00   0.000000e+00   0.000000e+00   0.000000e+00   0.000000e+00   0.000000e+00   0.000000e+00
 0.000000e+00   0.000000e+00   0.000000e+00   0.000000e+00   0.000000e+00   0.000000e+00   0.000000e+00   0.000000e+00   0.000000e+00   0.000000e+00
 0.000000e+00   0.000000e+00   0.000000e+00   0.000000e+00   0.000000e+00   0.000000e+00   0.000000e+00   0.000000e+00   0.000000e+00   0.000000e+00

-9.046413e-01  -9.136372e-01  -9.245855e-01  -9.337566e-01  -9.398535e-01  -9.414741e-01  -9.462704e-01  -9.412845e-01  -9.587688e-01  -9.495105e-01
-3.395263e-01  -3.167861e-01  -3.188521e-01  -3.361158e-01  -3.412143e-01  -3.362368e-01  -3.315926e-01  -2.863257e-01  -3.456462e-01  -3.778053e-01
 4.172201e-01   3.989813e-01   4.050866e-01   4.234477e-01   4.287651e-01   4.163380e-01   4.085438e-01   3.753408e-01   3.978971e-01   4.509155e-01
-7.768953e-01  -7.910166e-01  -8.010383e-01  -8.230291e-01  -8.519305e-01  -8.727993e-01  -9.063740e-01  -9.252987e-01  -9.346682e-01  -9.154225e-01
 0.000000e+00   0.000000e+00   0.000000e+00   0.000000e+00   0.000000e+00   0.000000e+00   0.000000e+00   0.000000e+00   0.000000e+00   0.000000e+00
 0.000000e+00   0.000000e+00   0.000000e+00   0.000000e+00   0.000000e+00   0.000000e+00   0.000000e+00   0.000000e+00   0.000000e+00   0.000000e+00
 0.000000e+00   0.000000e+00   0.000000e+00   0.000000e+00   0.000000e+00   0.000000e+00   0.000000e+00   0.000000e+00   0.000000e+00   0.000000e+00
 0.000000e+00   0.000000e+00   0.000000e+00   0.000000e+00   0.000000e+00   0.000000e+00   0.000000e+00   0.000000e+00   0.000000e+00   0.000000e+00
-1.266573e+01  -1.090961e+01  -1.003117e+01  -6.332590e+00  -6.447110e+00  -6.590340e+00   5.021660e+00   1.047111e+01   1.334280e+01   2.008700e-01
 1.624281e+02   1.378007e+02   1.127752e+02   1.025997e+02   1.247442e+02   1.016629e+02   8.948182e+01   4.254310e+00   1.168058e+02   1.430772e+02
-1.368722e+02  -1.276892e+02  -1.167104e+02  -8.464329e+01  -1.238904e+02  -8.742624e+01  -7.074713e+01   2.886421e+01  -3.488467e+01  -9.475434e+01
-5.837689e+01  -5.690454e+01  -5.974873e+01  -6.157876e+01  -5.375343e+01  -4.730617e+01  -2.407310e+01  -6.463440e+00  -2.578620e+00  -8.235860e+00
 0.000000e+00   0.000000e+00   0.000000e+00   0.000000e+00   0.000000e+00   0.000000e+00   0.000000e+00   0.000000e+00   0.000000e+00   0.000000e+00
 0.000000e+00   0.000000e+00   0.000000e+00   0.000000e+00   0.000000e+00   0.000000e+00   0.000000e+00   0.000000e+00   0.000000e+00   0.000000e+00
 0.000000e+00   0.000000e+00   0.000000e+00   0.000000e+00   0.000000e+00   0.000000e+00   0.000000e+00   0.000000e+00   0.000000e+00   0.000000e+00
 0.000000e+00   0.000000e+00   0.000000e+00   0.000000e+00   0.000000e+00   0.000000e+00   0.000000e+00   0.000000e+00   0.000000e+00   0.000000e+00
 0.000000e+00   0.000000e+00   0.000000e+00   0.000000e+00   0.000000e+00   0.000000e+00   0.000000e+00   0.000000e+00   0.000000e+00   0.000000e+00
-6.793300e+04  -5.861433e+04  -4.271612e+04  -3.894905e+04  -4.422244e+04  -3.348649e+04  -3.038683e+04   7.805100e+03  -3.981257e+04  -5.204358e+04
 5.795154e+04   5.421582e+04   4.765734e+04   3.401512e+04   4.955601e+04  -3.191891e+04   3.052474e+04  -1.377637e+04   1.313538e+04   4.249381e+04
 0.000000e+00   0.000000e+00   0.000000e+00   0.000000e+00   0.000000e+00   0.000000e+00   0.000000e+00   0.000000e+00   0.000000e+00   0.000000e+00


 1.220390e-02   1.220390e-02   1.009770e-02   1.009770e-02   9.918500e-03   9.918500e-03   1.005370e-02   1.005370e-02   9.792200e-03   9.792200e-03
 1.412220e-01   1.412220e-01   1.130202e-01   1.130202e-01   1.131081e-01   1.131081e-01   1.538242e-01   1.538242e-01   1.973179e-01   1.973179e-01
 4.406000e-05   4.406000e-05   2.074000e-05   2.074000e-05   0.000000e+00   0.000000e+00   2.699000e-05   2.699000e-05   5.130000e-06   5.130000e-06
 8.390100e-04   8.390100e-04   7.813600e-04   7.813600e-04   8.719800e-04   8.719800e-04   1.257540e-03   1.257540e-03   2.312400e-03   2.312400e-03
 0.000000e+00   0.000000e+00   0.000000e+00   0.000000e+00   0.000000e+00   0.000000e+00   0.000000e+00   0.000000e+00   0.000000e+00   0.000000e+00
 0.000000e+00   0.000000e+00   0.000000e+00   0.000000e+00   0.000000e+00   0.000000e+00   0.000000e+00   0.000000e+00   0.000000e+00   0.000000e+00
 0.000000e+00   0.000000e+00   0.000000e+00   0.000000e+00   0.000000e+00   0.000000e+00   0.000000e+00   0.000000e+00   0.000000e+00   0.000000e+00
 0.000000e+00   0.000000e+00   0.000000e+00   0.000000e+00   0.000000e+00   0.000000e+00   0.000000e+00   0.000000e+00   0.000000e+00   0.000000e+00
 0.000000e+00   0.000000e+00   0.000000e+00   0.000000e+00   0.000000e+00   0.000000e+00   0.000000e+00   0.000000e+00   0.000000e+00   0.000000e+00
 0.000000e+00   0.000000e+00   0.000000e+00   0.000000e+00   0.000000e+00   0.000000e+00   0.000000e+00   0.000000e+00   0.000000e+00   0.000000e+00
 8.324550e+01   8.324550e+01   9.846130e+01   9.846130e+01   1.182899e+02   1.182899e+02   1.583915e+02   1.583915e+02   2.012661e+02   2.012661e+02
 8.422730e+01   8.422730e+01   1.187892e+02   1.187892e+02   1.873732e+02   1.873732e+02   3.628333e+02   3.628333e+02   7.887432e+02   7.887432e+02
 1.981260e+00   1.981260e+00   2.267540e+00   2.267540e+00   2.739690e+00   2.739690e+00   3.627360e+00   3.627360e+00   4.649260e+00   4.649260e+00
 1.851820e+00   1.851820e+00   2.518570e+00   2.518570e+00   4.265000e+00   4.265000e+00   8.650790e+00   8.650790e+00   1.786788e+01   1.786788e+01
 1.183324e-02   1.183324e-02   1.437534e-02   1.437534e-02   1.866565e-02   1.866565e-02   2.533834e-02   2.533834e-02   3.465270e-02   3.465270e-02
 0.000000e+00   0.000000e+00   0.000000e+00   0.000000e+00   0.000000e+00   0.000000e+00   0.000000e+00   0.000000e+00   0.000000e+00   0.000000e+00
 0.000000e+00   0.000000e+00   0.000000e+00   0.000000e+00   0.000000e+00   0.000000e+00   0.000000e+00   0.000000e+00   0.000000e+00   0.000000e+00
 0.000000e+00   0.000000e+00   0.000000e+00   0.000000e+00   0.000000e+00   0.000000e+00   0.000000e+00   0.000000e+00   0.000000e+00   0.000000e+00
 0.000000e+00   0.000000e+00   0.000000e+00   0.000000e+00   0.000000e+00   0.000000e+00   0.000000e+00   0.000000e+00   0.000000e+00   0.000000e+00
 0.000000e+00   0.000000e+00   0.000000e+00   0.000000e+00   0.000000e+00   0.000000e+00   0.000000e+00   0.000000e+00   0.000000e+00   0.000000e+00
 0.000000e+00   0.000000e+00   0.000000e+00   0.000000e+00   0.000000e+00   0.000000e+00   0.000000e+00   0.000000e+00   0.000000e+00   0.000000e+00
 0.000000e+00   0.000000e+00   0.000000e+00   0.000000e+00   0.000000e+00   0.000000e+00   0.000000e+00   0.000000e+00   0.000000e+00   0.000000e+00
 0.000000e+00   0.000000e+00   0.000000e+00   0.000000e+00   0.000000e+00   0.000000e+00   0.000000e+00   0.000000e+00   0.000000e+00   0.000000e+00
 0.000000e+00   0.000000e+00   0.000000e+00   0.000000e+00   0.000000e+00   0.000000e+00   0.000000e+00   0.000000e+00   0.000000e+00   0.000000e+00
 0.000000e+00   0.000000e+00   0.000000e+00   0.000000e+00   0.000000e+00   0.000000e+00   0.000000e+00   0.000000e+00   0.000000e+00   0.000000e+00

 2.324450e-02   2.324450e-02   1.321900e-02   1.321900e-02   1.867950e-02   1.867950e-02   2.215110e-02   2.215110e-02   1.514060e-02   1.514060e-02
 3.184620e-01   3.184620e-01   1.651282e-01   1.651282e-01   1.924573e-01   1.924573e-01   2.556849e-01   2.556849e-01   4.083492e-01   4.083492e-01
 1.076800e-04   1.076800e-04   4.576000e-05   4.576000e-05   0.000000e+00   0.000000e+00   0.000000e+00   0.000000e+00   0.000000e+00   0.000000e+00
 2.298830e-03   2.298830e-03   1.524250e-03   1.524250e-03   1.762700e-03   1.762700e-03   1.988630e-03   1.988630e-03   5.456890e-03   5.456890e-03
 6.985600e-07   6.985600e-07   1.097800e-06   1.097800e-06   8.626000e-07   8.626000e-07   1.895930e-06   1.895930e-06   1.062120e-06   1.062120e-06
 0.000000e+00   0.000000e+00   0.000000e+00   0.000000e+00   0.000000e+00   0.000000e+00   0.000000e+00   0.000000e+00   0.000000e+00   0.000000e+00
 0.000000e+00   0.000000e+00   0.000000e+00   0.000000e+00   0.000000e+00   0.000000e+00   0.000000e+00   0.000000e+00   0.000000e+00   0.000000e+00
 0.000000e+00   0.000000e+00   0.000000e+00   0.000000e+00   0.000000e+00   0.000000e+00   0.000000e+00   0.000000e+00   0.000000e+00   0.000000e+00
 0.000000e+00   0.000000e+00   0.000000e+00   0.000000e+00   0.000000e+00   0.000000e+00   0.000000e+00   0.000000e+00   0.000000e+00   0.000000e+00
 0.000000e+00   0.000000e+00   0.000000e+00   0.000000e+00   0.000000e+00   0.000000e+00   0.000000e+00   0.000000e+00   0.000000e+00   0.000000e+00
 2.458858e+02   2.458858e+02   2.984653e+02   2.984653e+02   2.958965e+02   2.958965e+02   3.838503e+02   3.838503e+02   4.829019e+02   4.829019e+02
 2.516339e+02   2.516339e+02   3.316026e+02   3.316026e+02   4.170794e+02   4.170794e+02   8.467304e+02   8.467304e+02   1.892253e+03   1.892253e+03
 4.610770e+00   4.610770e+00   5.160280e+00   5.160280e+00   5.970370e+00   5.970370e+00   9.134730e+00   9.134730e+00   1.111519e+01   1.111519e+01
 3.995300e+00   3.995300e+00   5.455180e+00   5.455180e+00   8.920360e+00   8.920360e+00   2.240358e+01   2.240358e+01   4.083586e+01   4.083586e+01
 2.245693e-02   2.245693e-02   2.542646e-02   2.542646e-02   3.449002e-02   3.449002e-02   4.768152e-02   4.768152e-02   7.185548e-02   7.185548e-02
 0.000000e+00   0.000000e+00   0.000000e+00   0.000000e+00   0.000000e+00   0.000000e+00   0.000000e+00   0.000000e+00   0.000000e+00   0.000000e+00
 0.000000e+00   0.000000e+00   0.000000e+00   0.000000e+00   0.000000e+00   0.000000e+00   0.000000e+00   0.000000e+00   0.000000e+00   0.000000e+00
 0.000000e+00   0.000000e+00   0.000000e+00   0.000000e+00   0.000000e+00   0.000000e+00   0.000000e+00   0.000000e+00   0.000000e+00   0.000000e+00
 0.000000e+00   0.000000e+00   0.000000e+00   0.000000e+00   0.000000e+00   0.000000e+00   0.000000e+00   0.000000e+00   0.000000e+00   0.000000e+00
 0.000000e+00   0.000000e+00   0.000000e+00   0.000000e+00   0.000000e+00   0.000000e+00   0.000000e+00   0.000000e+00   0.000000e+00   0.000000e+00
 0.000000e+00   0.000000e+00   0.000000e+00   0.000000e+00   0.000000e+00   0.000000e+00   0.000000e+00   0.000000e+00   0.000000e+00   0.000000e+00
 0.000000e+00   0.000000e+00   0.000000e+00   0.000000e+00   0.000000e+00   0.000000e+00   0.000000e+00   0.000000e+00   0.000000e+00   0.000000e+00
 0.000000e+00   0.000000e+00   0.000000e+00   0.000000e+00   0.000000e+00   0.000000e+00   0.000000e+00   0.000000e+00   0.000000e+00   0.000000e+00
 0.000000e+00   0.000000e+00   0.000000e+00   0.000000e+00   0.000000e+00   0.000000e+00   0.000000e+00   0.000000e+00   0.000000e+00   0.000000e+00
 0.000000e+00   0.000000e+00   0.000000e+00   0.000000e+00   0.000000e+00   0.000000e+00   0.000000e+00   0.000000e+00   0.000000e+00   0.000000e+00

 8.260514e-01   8.260514e-01   8.330540e-01   8.330540e-01   8.205533e-01   8.205533e-01   8.231124e-01   8.231124e-01   7.977678e-01   7.977678e-01
 9.806256e-01   9.806256e-01   8.171239e-01   8.171239e-01   8.031340e-01   8.031340e-01   7.984079e-01   7.984079e-01   7.958413e-01   7.958413e-01
 7.565637e-01   7.565637e-01   7.599495e-01   7.599495e-01   7.021274e-01   7.021274e-01   8.505883e-01   8.505883e-01   8.029039e-01   8.029039e-01
 9.416128e-01   9.416128e-01   8.756881e-01   8.756881e-01   7.861020e-01   7.861020e-01   7.730853e-01   7.730853e-01   8.073656e-01   8.073656e-01
 6.362879e-01   6.362879e-01   5.743265e-01   5.743265e-01   6.250460e-01   6.250460e-01   6.993585e-01   6.993585e-01   7.570737e-01   7.570737e-01
 0.000000e+00   0.000000e+00   0.000000e+00   0.000000e+00   0.000000e+00   0.000000e+00   0.000000e+00   0.000000e+00   0.000000e+00   0.000000e+00
 0.000000e+00   0.000000e+00   0.000000e+00   0.000000e+00   0.000000e+00   0.000000e+00   0.000000e+00   0.000000e+00   0.000000e+00   0.000000e+00
 0.000000e+00   0.000000e+00   0.000000e+00   0.000000e+00   0.000000e+00   0.000000e+00   0.000000e+00   0.000000e+00   0.000000e+00   0.000000e+00
 0.000000e+00   0.000000e+00   0.000000e+00   0.000000e+00   0.000000e+00   0.000000e+00   0.000000e+00   0.000000e+00   0.000000e+00   0.000000e+00
 0.000000e+00   0.000000e+00   0.000000e+00   0.000000e+00   0.000000e+00   0.000000e+00   0.000000e+00   0.000000e+00   0.000000e+00   0.000000e+00
-2.372010e+00  -2.372010e+00   9.083720e+00   9.083720e+00   2.171977e+01   2.171977e+01   2.786892e+01   2.786892e+01   2.885561e+01   2.885561e+01
-3.641663e+01  -3.641663e+01   3.428153e+01   3.428153e+01   1.381210e+01   1.381210e+01   4.457770e+00   4.457770e+00  -1.395124e+01  -1.395124e+01
 5.815808e+01   5.815808e+01   6.256667e+01   6.256667e+01   1.084553e+02   1.084553e+02   1.477473e+01   1.477473e+01   5.070180e+01   5.070180e+01
-3.563598e+01  -3.563598e+01  -1.398251e+01  -1.398251e+01   2.182695e+01   2.182695e+01   2.591580e+01   2.591580e+01  -1.666983e+01  -1.666983e+01
 1.270531e+02   1.270531e+02   1.364845e+02   1.364845e+02   1.469985e+02   1.469985e+02   1.015982e+02   1.015982e+02   6.231290e+01   6.231290e+01
 0.000000e+00   0.000000e+00   0.000000e+00   0.000000e+00   0.000000e+00   0.000000e+00   0.000000e+00   0.000000e+00   0.000000e+00   0.000000e+00
 0.000000e+00   0.000000e+00   0.000000e+00   0.000000e+00   0.000000e+00   0.000000e+00   0.000000e+00   0.000000e+00   0.000000e+00   0.000000e+00
 0.000000e+00   0.000000e+00   0.000000e+00   0.000000e+00   0.000000e+00   0.000000e+00   0.000000e+00   0.000000e+00   0.000000e+00   0.000000e+00
 0.000000e+00   0.000000e+00   0.000000e+00   0.000000e+00   0.000000e+00   0.000000e+00   0.000000e+00   0.000000e+00   0.000000e+00   0.000000e+00
 0.000000e+00   0.000000e+00   0.000000e+00   0.000000e+00   0.000000e+00   0.000000e+00   0.000000e+00   0.000000e+00   0.000000e+00   0.000000e+00
 0.000000e+00   0.000000e+00   0.000000e+00   0.000000e+00   0.000000e+00   0.000000e+00   0.000000e+00   0.000000e+00   0.000000e+00   0.000000e+00
 0.000000e+00   0.000000e+00   0.000000e+00   0.000000e+00   0.000000e+00   0.000000e+00   0.000000e+00   0.000000e+00   0.000000e+00   0.000000e+00
 0.000000e+00   0.000000e+00   0.000000e+00   0.000000e+00   0.000000e+00   0.000000e+00   0.000000e+00   0.000000e+00   0.000000e+00   0.000000e+00
 0.000000e+00   0.000000e+00   0.000000e+00   0.000000e+00   0.000000e+00   0.000000e+00   0.000000e+00   0.000000e+00   0.000000e+00   0.000000e+00
 0.000000e+00   0.000000e+00   0.000000e+00   0.000000e+00   0.000000e+00   0.000000e+00   0.000000e+00   0.000000e+00   0.000000e+00   0.000000e+00

-8.965241e-01  -8.965241e-01  -9.104932e-01  -9.104932e-01  -9.282510e-01  -9.282510e-01  -9.408254e-01  -9.408254e-01  -9.522962e-01  -9.522962e-01
-3.288429e-01  -3.288429e-01  -3.382873e-01  -3.382873e-01  -3.316780e-01  -3.316780e-01  -3.160955e-01  -3.160955e-01  -3.736585e-01  -3.736585e-01
 4.124889e-01   4.124889e-01   4.271419e-01   4.271419e-01   4.214836e-01   4.214836e-01   4.120552e-01   4.120552e-01   4.430529e-01   4.430529e-01
-7.770996e-01  -7.770996e-01  -8.119414e-01  -8.119414e-01  -8.605794e-01  -8.605794e-01  -9.100327e-01  -9.100327e-01  -9.120982e-01  -9.120982e-01
 0.000000e+00   0.000000e+00   0.000000e+00   0.000000e+00   0.000000e+00   0.000000e+00   0.000000e+00   0.000000e+00   0.000000e+00   0.000000e+00
 0.000000e+00   0.000000e+00   0.000000e+00   0.000000e+00   0.000000e+00   0.000000e+00   0.000000e+00   0.000000e+00   0.000000e+00   0.000000e+00
 0.000000e+00   0.000000e+00   0.000000e+00   0.000000e+00   0.000000e+00   0.000000e+00   0.000000e+00   0.000000e+00   0.000000e+00   0.000000e+00
 0.000000e+00   0.000000e+00   0.000000e+00   0.000000e+00   0.000000e+00   0.000000e+00   0.000000e+00   0.000000e+00   0.000000e+00   0.000000e+00
-1.059014e+01  -1.059014e+01  -3.139330e+00  -3.139330e+00  -8.283020e+00  -8.283020e+00   8.435470e+00   8.435470e+00   6.654160e+00   6.654160e+00
 1.519024e+02   1.519024e+02   1.176682e+02   1.176682e+02   1.085557e+02   1.085557e+02   5.377977e+01   5.377977e+01   1.317798e+02   1.317798e+02
-1.335498e+02  -1.335498e+02  -1.013656e+02  -1.013656e+02  -1.008191e+02  -1.008191e+02  -4.487015e+01  -4.487015e+01  -6.994161e+01  -6.994161e+01
-5.395025e+01  -5.395025e+01  -5.032681e+01  -5.032681e+01  -4.510849e+01  -4.510849e+01  -1.446209e+01  -1.446209e+01  -1.197770e+01  -1.197770e+01
 0.000000e+00   0.000000e+00   0.000000e+00   0.000000e+00   0.000000e+00   0.000000e+00   0.000000e+00   0.000000e+00   0.000000e+00   0.000000e+00
 0.000000e+00   0.000000e+00   0.000000e+00   0.000000e+00   0.000000e+00   0.000000e+00   0.000000e+00   0.000000e+00   0.000000e+00   0.000000e+00
 0.000000e+00   0.000000e+00   0.000000e+00   0.000000e+00   0.000000e+00   0.000000e+00   0.000000e+00   0.000000e+00   0.000000e+00   0.000000e+00
 0.000000e+00   0.000000e+00   0.000000e+00   0.000000e+00   0.000000e+00   0.000000e+00   0.000000e+00   0.000000e+00   0.000000e+00   0.000000e+00
 0.000000e+00   0.000000e+00   0.000000e+00   0.000000e+00   0.000000e+00   0.000000e+00   0.000000e+00   0.000000e+00   0.000000e+00   0.000000e+00
-6.591334e+04  -6.591334e+04  -4.781339e+04  -4.781339e+04  -4.439937e+04  -4.439937e+04  -1.233178e+04  -1.233178e+04  -4.721089e+04  -4.721089e+04
 5.937897e+04   5.937897e+04   4.281345e+04   4.281345e+04   4.305314e+04  -4.305314e+04   1.596736e+04   1.596736e+04   2.726635e+04   2.726635e+04
 0.000000e+00   0.000000e+00   0.000000e+00   0.000000e+00   0.000000e+00   0.000000e+00   0.000000e+00   0.000000e+00   0.000000e+00   0.000000e+00


 1.084340e-02   1.084340e-02   1.222440e-02   1.222440e-02   9.608900e-03   9.608900e-03   6.915600e-03   6.915600e-03   1.378840e-02   1.378840e-02
 1.427713e-01   1.427713e-01   1.208375e-01   1.208375e-01   1.291994e-01   1.291994e-01   1.438616e-01   1.438616e-01   1.986345e-01   1.986345e-01
 7.030000e-05   7.030000e-05   6.342000e-05   6.342000e-05   0.000000e+00   0.000000e+00   0.000000e+00   0.000000e+00   0.000000e+00   0.000000e+00
 8.342400e-04   8.342400e-04   7.805100e-04   7.805100e-04   8.064600e-04   8.064600e-04   1.287340e-03   1.287340e-03   2.261760e-03   2.261760e-03
 0.000000e+00   0.000000e+00   0.000000e+00   0.000000e+00   0.000000e+00   0.000000e+00   0.000000e+00   0.000000e+00   4.707600e-07   4.707600e-07
 0.000000e+00   0.000000e+00   0.000000e+00   0.000000e+00   0.000000e+00   0.000000e+00   0.000000e+00   0.000000e+00   0.000000e+00   0.000000e+00
 0.000000e+00   0.000000e+00   0.000000e+00   0.000000e+00   0.000000e+00   0.000000e+00   0.000000e+00   0.000000e+00   0.000000e+00   0.000000e+00
 0.000000e+00   0.000000e+00   0.000000e+00   0.000000e+00   0.000000e+00   0.000000e+00   0.000000e+00   0.000000e+00   0.000000e+00   0.000000e+00
 0.000000e+00   0.000000e+00   0.000000e+00   0.000000e+00   0.000000e+00   0.000000e+00   0.000000e+00   0.000000e+00   0.000000e+00   0.000000e+00
 0.000000e+00   0.000000e+00   0.000000e+00   0.000000e+00   0.000000e+00   0.000000e+00   0.000000e+00   0.000000e+00   0.000000e+00   0.000000e+00
 8.775620e+01   8.775620e+01   9.676500e+01   9.676500e+01   1.229211e+02   1.229211e+02   1.611628e+02   1.611628e+02   1.951223e+02   1.951223e+02
 8.561000e+01   8.561000e+01   1.197868e+02   1.197868e+02   1.772968e+02   1.772968e+02   3.804472e+02   3.804472e+02   7.957603e+02   7.957603e+02
 2.037710e+00   2.037710e+00   2.298620e+00   2.298620e+00   2.837840e+00   2.837840e+00   3.733100e+00   3.733100e+00   4.646920e+00   4.646920e+00
 1.919630e+00   1.919630e+00   2.583510e+00   2.583510e+00   4.358750e+00   4.358750e+00   9.038500e+00   9.038500e+00   1.779935e+01   1.779935e+01
 1.194837e-02   1.194837e-02   1.481257e-02   1.481257e-02   1.871892e-02   1.871892e-02   2.534022e-02   2.534022e-02   3.405193e-02   3.405193e-02
 0.000000e+00   0.000000e+00   0.000000e+00   0.000000e+00   0.000000e+00   0.000000e+00   0.000000e+00   0.000000e+00   0.000000e+00   0.000000e+00
 0.000000e+00   0.000000e+00   0.000000e+00   0.000000e+00   0.000000e+00   0.000000e+00   0.000000e+00   0.000000e+00   0.000000e+00   0.000000e+00
 0.000000e+00   0.000000e+00   0.000000e+00   0.000000e+00   0.000000e+00   0.000000e+00   0.000000e+00   0.000000e+00   0.000000e+00   0.000000e+00
 0.000000e+00   0.000000e+00   0.000000e+00   0.000000e+00   0.000000e+00   0.000000e+00   0.000000e+00   0.000000e+00   0.000000e+00   0.000000e+00
 0.000000e+00   0.000000e+00   0.000000e+00   0.000000e+00   0.000000e+00   0.000000e+00   0.000000e+00   0.000000e+00   0.000000e+00   0.000000e+00
 0.000000e+00   0.000000e+00   0.000000e+00   0.000000e+00   0.000000e+00   0.000000e+00   0.000000e+00   0.000000e+00   0.000000e+00   0.000000e+00
 0.000000e+00   0.000000e+00   0.000000e+00   0.000000e+00   0.000000e+00   0.000000e+00   0.000000e+00   0.000000e+00   0.000000e+00   0.000000e+00
 0.000000e+00   0.000000e+00   0.000000e+00   0.000000e+00   0.000000e+00   0.000000e+00   0.000000e+00   0.000000e+00   0.000000e+00   0.000000e+00
 0.000000e+00   0.000000e+00   0.000000e+00   0.000000e+00   0.000000e+00   0.000000e+00   0.000000e+00   0.000000e+00   0.000000e+00   0.000000e+00
 0.000000e+00   0.000000e+00   0.000000e+00   0.000000e+00   0.000000e+00   0.000000e+00   0.000000e+00   0.000000e+00   0.000000e+00   0.000000e+00

 3.090690e-02   3.090690e-02   3.171340e-02   3.171340e-02   1.569840e-02   1.569840e-02   1.314680e-02   1.314680e-02   2.550720e-02   2.550720e-02
 4.441776e-01   4.441776e-01   2.123313e-01   2.123313e-01   2.639164e-01   2.639164e-01   2.383529e-01   2.383529e-01   3.981403e-01   3.981403e-01
 4.238800e-04   4.238800e-04   2.940100e-04   2.940100e-04   1.827000e-05   1.827000e-05   0.000000e+00   0.000000e+00   0.000000e+00   0.000000e+00
 3.068060e-03   3.068060e-03   2.067450e-03   2.067450e-03   1.239060e-03   1.239060e-03   2.127630e-03   2.127630e-03   4.278190e-03   4.278190e-03
 1.701530e-06   1.701530e-06   6.889400e-07   6.889400e-07   2.326200e-06   2.326200e-06   1.573210e-06   1.573210e-06   3.713600e-06   3.713600e-06
 0.000000e+00   0.000000e+00   0.000000e+00   0.000000e+00   0.000000e+00   0.000000e+00   0.000000e+00   0.000000e+00   0.000000e+00   0.000000e+00
 0.000000e+00   0.000000e+00   0.000000e+00   0.000000e+00   0.000000e+00   0.000000e+00   0.000000e+00   0.000000e+00   0.000000e+00   0.000000e+00
 0.000000e+00   0.000000e+00   0.000000e+00   0.000000e+00   0.000000e+00   0.000000e+00   0.000000e+00   0.000000e+00   0.000000e+00   0.000000e+00
 0.000000e+00   0.000000e+00   0.000000e+00   0.000000e+00   0.000000e+00   0.000000e+00   0.000000e+00   0.000000e+00   0.000000e+00   0.000000e+00
 0.000000e+00   0.000000e+00   0.000000e+00   0.000000e+00   0.000000e+00   0.000000e+00   0.000000e+00   0.000000e+00   0.000000e+00   0.000000e+00
 2.872830e+02   2.872830e+02   2.675667e+02   2.675667e+02   3.564268e+02   3.564268e+02   3.909235e+02   3.909235e+02   4.449647e+02   4.449647e+02
 2.048122e+02   2.048122e+02   3.747268e+02   3.747268e+02   4.280472e+02   4.280472e+02   8.756052e+02   8.756052e+02   2.001227e+03   2.001227e+03
 4.624750e+00   4.624750e+00   5.035420e+00   5.035420e+00   6.264140e+00   6.264140e+00   8.910600e+00   8.910600e+00   1.064882e+01   1.064882e+01
 4.246230e+00   4.246230e+00   4.878950e+00   4.878950e+00   9.891430e+00   9.891430e+00   2.430065e+01   2.430065e+01   4.142723e+01   4.142723e+01
 2.096902e-02   2.096902e-02   2.702433e-02   2.702433e-02   3.166614e-02   3.166614e-02   4.783715e-02   4.783715e-02   6.657117e-02   6.657117e-02
 0.000000e+00   0.000000e+00   0.000000e+00   0.000000e+00   0.000000e+00   0.000000e+00   0.000000e+00   0.000000e+00   0.000000e+00   0.000000e+00
 0.000000e+00   0.000000e+00   0.000000e+00   0.000000e+00   0.000000e+00   0.000000e+00   0.000000e+00   0.000000e+00   0.000000e+00   0.000000e+00
 0.000000e+00   0.000000e+00   0.000000e+00   0.000000e+00   0.000000e+00   0.000000e+00   0.000000e+00   0.000000e+00   0.000000e+00   0.000000e+00
 0.000000e+00   0.000000e+00   0.000000e+00   0.000000e+00   0.000000e+00   0.000000e+00   0.000000e+00   0.000000e+00   0.000000e+00   0.000000e+00
 0.000000e+00   0.000000e+00   0.000000e+00   0.000000e+00   0.000000e+00   0.000000e+00   0.000000e+00   0.000000e+00   0.000000e+00   0.000000e+00
 0.000000e+00   0.000000e+00   0.000000e+00   0.000000e+00   0.000000e+00   0.000000e+00   0.000000e+00   0.000000e+00   0.000000e+00   0.000000e+00
 0.000000e+00   0.000000e+00   0.000000e+00   0.000000e+00   0.000000e+00   0.000000e+00   0.000000e+00   0.000000e+00   0.000000e+00   0.000000e+00
 0.000000e+00   0.000000e+00   0.000000e+00   0.000000e+00   0.000000e+00   0.000000e+00   0.000000e+00   0.000000e+00   0.000000e+00   0.000000e+00
 0.000000e+00   0.000000e+00   0.000000e+00   0.000000e+00   0.000000e+00   0.000000e+00   0.000000e+00   0.000000e+00   0.000000e+00   0.000000e+00
 0.000000e+00   0.000000e+00   0.000000e+00   0.000000e+00   0.000000e+00   0.000000e+00   0.000000e+00   0.000000e+00   0.000000e+00   0.000000e+00

 7.997712e-01   7.997712e-01   8.121585e-01   8.121585e-01   7.873232e-01   7.873232e-01   8.033960e-01   8.033960e-01   8.249478e-01   8.249478e-01
 9.496460e-01   9.496460e-01   9.165037e-01   9.165037e-01   8.953016e-01   8.953016e-01   7.914265e-01   7.914265e-01   7.978584e-01   7.978584e-01
 7.941601e-01   7.941601e-01   7.575315e-01   7.575315e-01   7.078783e-01   7.078783e-01   8.812965e-01   8.812965e-01   7.580986e-01   7.580986e-01
 8.988531e-01   8.988531e-01   8.820731e-01   8.820731e-01   7.785764e-01   7.785764e-01   8.002303e-01   8.002303e-01   7.913082e-01   7.913082e-01
 6.365489e-01   6.365489e-01   5.501175e-01   5.501175e-01   6.427528e-01   6.427528e-01   6.405961e-01   6.405961e-01   7.841306e-01   7.841306e-01
 0.000000e+00   0.000000e+00   0.000000e+00   0.000000e+00   0.000000e+00   0.000000e+00   0.000000e+00   0.000000e+00   0.000000e+00   0.000000e+00
 0.000000e+00   0.000000e+00   0.000000e+00   0.000000e+00   0.000000e+00   0.000000e+00   0.000000e+00   0.000000e+00   0.000000e+00   0.000000e+00
 0.000000e+00   0.000000e+00   0.000000e+00   0.000000e+00   0.000000e+00   0.000000e+00   0.000000e+00   0.000000e+00   0.000000e+00   0.000000e+00
 0.000000e+00   0.000000e+00   0.000000e+00   0.000000e+00   0.000000e+00   0.000000e+00   0.000000e+00   0.000000e+00   0.000000e+00   0.000000e+00
 0.000000e+00   0.000000e+00   0.000000e+00   0.000000e+00   0.000000e+00   0.000000e+00   0.000000e+00   0.000000e+00   0.000000e+00   0.000000e+00
 5.481950e+00   5.481950e+00   5.906620e+00   5.906620e+00   3.626439e+01   3.626439e+01   4.117504e+01   4.117504e+01   5.818840e+00   5.818840e+00
-2.954327e+01  -2.954327e+01  -2.208048e+01  -2.208048e+01  -6.467106e+01  -6.467106e+01   2.054180e+01   2.054180e+01  -7.879490e+00  -7.879490e+00
 2.477146e+01   2.477146e+01   7.117458e+01   7.117458e+01   1.165847e+02   1.165847e+02   1.989780e+00   1.989780e+00   8.825446e+01   8.825446e+01
 7.529380e+00   7.529380e+00  -1.152156e+01  -1.152156e+01   3.108926e+01   3.108926e+01   2.334881e+01   2.334881e+01  -1.055684e+01  -1.055684e+01
 1.256505e+02   1.256505e+02   1.854376e+02   1.854376e+02   1.335961e+02   1.335961e+02   1.469590e+02   1.469590e+02   3.260486e+01   3.260486e+01
 0.000000e+00   0.000000e+00   0.000000e+00   0.000000e+00   0.000000e+00   0.000000e+00   0.000000e+00   0.000000e+00   0.000000e+00   0.000000e+00
 0.000000e+00   0.000000e+00   0.000000e+00   0.000000e+00   0.000000e+00   0.000000e+00   0.000000e+00   0.000000e+00   0.000000e+00   0.000000e+00
 0.000000e+00   0.000000e+00   0.000000e+00   0.000000e+00   0.000000e+00   0.000000e+00   0.000000e+00   0.000000e+00   0.000000e+00   0.000000e+00
 0.000000e+00   0.000000e+00   0.000000e+00   0.000000e+00   0.000000e+00   0.000000e+00   0.000000e+00   0.000000e+00   0.000000e+00   0.000000e+00
 0.000000e+00   0.000000e+00   0.000000e+00   0.000000e+00   0.000000e+00   0.000000e+00   0.000000e+00   0.000000e+00   0.000000e+00   0.000000e+00
 0.000000e+00   0.000000e+00   0.000000e+00   0.000000e+00   0.000000e+00   0.000000e+00   0.000000e+00   0.000000e+00   0.000000e+00   0.000000e+00
 0.000000e+00   0.000000e+00   0.000000e+00   0.000000e+00   0.000000e+00   0.000000e+00   0.000000e+00   0.000000e+00   0.000000e+00   0.000000e+00
 0.000000e+00   0.000000e+00   0.000000e+00   0.000000e+00   0.000000e+00   0.000000e+00   0.000000e+00   0.000000e+00   0.000000e+00   0.000000e+00
 0.000000e+00   0.000000e+00   0.000000e+00   0.000000e+00   0.000000e+00   0.000000e+00   0.000000e+00   0.000000e+00   0.000000e+00   0.000000e+00
 0.000000e+00   0.000000e+00   0.000000e+00   0.000000e+00   0.000000e+00   0.000000e+00   0.000000e+00   0.000000e+00   0.000000e+00   0.000000e+00

-8.613403e-01  -8.613403e-01  -8.862438e-01  -8.862438e-01  -9.136366e-01  -9.136366e-01  -9.290436e-01  -9.290436e-01  -9.370388e-01  -9.370388e-01
-3.170837e-01  -3.170837e-01  -3.282125e-01  -3.282125e-01  -3.489534e-01  -3.489534e-01  -3.111372e-01  -3.111372e-01  -3.456491e-01  -3.456491e-01
 4.328221e-01   4.328221e-01   4.263976e-01   4.263976e-01   4.385987e-01   4.385987e-01   3.927795e-01   3.927795e-01   4.483131e-01   4.483131e-01
-7.478326e-01  -7.478326e-01  -7.980689e-01  -7.980689e-01  -8.516406e-01  -8.516406e-01  -8.997009e-01  -8.997009e-01  -9.150253e-01  -9.150253e-01
 0.000000e+00   0.000000e+00   0.000000e+00   0.000000e+00   0.000000e+00   0.000000e+00   0.000000e+00   0.000000e+00   0.000000e+00   0.000000e+00
 0.000000e+00   0.000000e+00   0.000000e+00   0.000000e+00   0.000000e+00   0.000000e+00   0.000000e+00   0.000000e+00   0.000000e+00   0.000000e+00
 0.000000e+00   0.000000e+00   0.000000e+00   0.000000e+00   0.000000e+00   0.000000e+00   0.000000e+00   0.000000e+00   0.000000e+00   0.000000e+00
 0.000000e+00   0.000000e+00   0.000000e+00   0.000000e+00   0.000000e+00   0.000000e+00   0.000000e+00   0.000000e+00   0.000000e+00   0.000000e+00
-7.956980e+00  -7.956980e+00  -1.111105e+01  -1.111105e+01   3.856580e+00   3.856580e+00   1.272208e+01   1.272208e+01   2.614100e-01   2.614100e-01
 1.021922e+02   1.021922e+02   8.708694e+01   8.708694e+01   1.150165e+02   1.150165e+02   6.528552e+01   6.528552e+01   7.997280e+01   7.997280e+01
-1.217877e+02  -1.217877e+02  -6.403792e+01  -6.403792e+01  -1.104540e+02  -1.104540e+02  -1.566589e+01  -1.566589e+01  -7.171955e+01  -7.171955e+01
-5.729199e+01  -5.729199e+01  -4.601007e+01  -4.601007e+01  -3.494573e+01  -3.494573e+01  -8.869620e+00  -8.869620e+00  -2.335730e+00  -2.335730e+00
 0.000000e+00   0.000000e+00   0.000000e+00   0.000000e+00   0.000000e+00   0.000000e+00   0.000000e+00   0.000000e+00   0.000000e+00   0.000000e+00
 0.000000e+00   0.000000e+00   0.000000e+00   0.000000e+00   0.000000e+00   0.000000e+00   0.000000e+00   0.000000e+00   0.000000e+00   0.000000e+00
 0.000000e+00   0.000000e+00   0.000000e+00   0.000000e+00   0.000000e+00   0.000000e+00   0.000000e+00   0.000000e+00   0.000000e+00   0.000000e+00
 0.000000e+00   0.000000e+00   0.000000e+00   0.000000e+00   0.000000e+00   0.000000e+00   0.000000e+00   0.000000e+00   0.000000e+00   0.000000e+00
 0.000000e+00   0.000000e+00   0.000000e+00   0.000000e+00   0.000000e+00   0.000000e+00   0.000000e+00   0.000000e+00   0.000000e+00   0.000000e+00
-4.184262e+04  -4.184262e+04  -3.045420e+04  -3.045420e+04  -4.460979e+04  -4.460979e+04  -1.996258e+04  -1.996258e+04  -2.554319e+04  -2.554319e+04
 4.820993e+04   4.820993e+04   2.186846e+04   2.186846e+04   4.954116e+04  -4.954116e+04   9.729220e+03   9.729220e+03   3.045424e+04   3.045424e+04
 0.000000e+00   0.000000e+00   0.000000e+00   0.000000e+00   0.000000e+00   0.000000e+00   0.000000e+00   0.000000e+00   0.000000e+00   0.000000e+00


 1.508150e-02   1.508150e-02   1.887390e-02   1.887390e-02   2.110240e-02   2.110240e-02   1.731810e-02   1.731810e-02   1.707040e-02   1.707040e-02
 1.425056e-01   1.425056e-01   1.390830e-01   1.390830e-01   1.567263e-01   1.567263e-01   1.695961e-01   1.695961e-01   2.108364e-01   2.108364e-01
 2.666500e-04   2.666500e-04   2.287100e-04   2.287100e-04   2.056600e-04   2.056600e-04   1.661200e-04   1.661200e-04   4.781000e-05   4.781000e-05
 9.119700e-04   9.119700e-04   1.002400e-03   1.002400e-03   1.230350e-03   1.230350e-03   1.844470e-03   1.844470e-03   2.579880e-03   2.579880e-03
 3.566900e-07   3.566900e-07   6.142700e-07   6.142700e-07   2.173600e-07   2.173600e-07   0.000000e+00   0.000000e+00   0.000000e+00   0.000000e+00
 0.000000e+00   0.000000e+00   0.000000e+00   0.000000e+00   0.000000e+00   0.000000e+00   0.000000e+00   0.000000e+00   0.000000e+00   0.000000e+00
 0.000000e+00   0.000000e+00   0.000000e+00   0.000000e+00   0.000000e+00   0.000000e+00   0.000000e+00   0.000000e+00   0.000000e+00   0.000000e+00
 0.000000e+00   0.000000e+00   0.000000e+00   0.000000e+00   0.000000e+00   0.000000e+00   0.000000e+00   0.000000e+00   0.000000e+00   0.000000e+00
 0.000000e+00   0.000000e+00   0.000000e+00   0.000000e+00   0.000000e+00   0.000000e+00   0.000000e+00   0.000000e+00   0.000000e+00   0.000000e+00
 0.000000e+00   0.000000e+00   0.000000e+00   0.000000e+00   0.000000e+00   0.000000e+00   0.000000e+00   0.000000e+00   0.000000e+00   0.000000e+00
 9.354880e+01   9.354880e+01   1.045727e+02   1.045727e+02   1.313197e+02   1.313197e+02   1.679658e+02   1.679658e+02   2.028230e+02   2.028230e+02
 9.906470e+01   9.906470e+01   1.385325e+02   1.385325e+02   2.178443e+02   2.178443e+02   4.490516e+02   4.490516e+02   8.225778e+02   8.225778e+02
 2.115260e+00   2.115260e+00   2.585060e+00   2.585060e+00   3.165830e+00   3.165830e+00   3.948010e+00   3.948010e+00   4.768010e+00   4.768010e+00
 2.107510e+00   2.107510e+00   2.864240e+00   2.864240e+00   4.549820e+00   4.549820e+00   9.562960e+00   9.562960e+00   1.750828e+01   1.750828e+01
 1.255754e-02   1.255754e-02   1.577446e-02   1.577446e-02   2.035231e-02   2.035231e-02   2.654866e-02   2.654866e-02   3.662436e-02   3.662436e-02
 0.000000e+00   0.000000e+00   0.000000e+00   0.000000e+00   0.000000e+00   0.000000e+00   0.000000e+00   0.000000e+00   0.000000e+00   0.000000e+00
 0.000000e+00   0.000000e+00   0.000000e+00   0.000000e+00   0.000000e+00   0.000000e+00   0.000000e+00   0.000000e+00   0.000000e+00   0.000000e+00
 0.000000e+00   0.000000e+00   0.000000e+00   0.000000e+00   0.000000e+00   0.000000e+00   0.000000e+00   0.000000e+00   0.000000e+00   0.000000e+00
 0.000000e+00   0.000000e+00   0.000000e+00   0.000000e+00   0.000000e+00   0.000000e+00   0.000000e+00   0.000000e+00   0.000000e+00   0.000000e+00
 0.000000e+00   0.000000e+00   0.000000e+00   0.000000e+00   0.000000e+00   0.000000e+00   0.000000e+00   0.000000e+00   0.000000e+00   0.000000e+00
 0.000000e+00   0.000000e+00   0.000000e+00   0.000000e+00   0.000000e+00   0.000000e+00   0.000000e+00   0.000000e+00   0.000000e+00   0.000000e+00
 0.000000e+00   0.000000e+00   0.000000e+00   0.000000e+00   0.000000e+00   0.000000e+00   0.000000e+00   0.000000e+00   0.000000e+00   0.000000e+00
 0.000000e+00   0.000000e+00   0.000000e+00   0.000000e+00   0.000000e+00   0.000000e+00   0.000000e+00   0.000000e+00   0.000000e+00   0.000000e+00
 0.000000e+00   0.000000e+00   0.000000e+00   0.000000e+00   0.000000e+00   0.000000e+00   0.000000e+00   0.000000e+00   0.000000e+00   0.000000e+00
 0.000000e+00   0.000000e+00   0.000000e+00   0.000000e+00   0.000000e+00   0.000000e+00   0.000000e+00   0.000000e+00   0.000000e+00   0.000000e+00

 1.984320e-01   1.984320e-01   1.835132e-01   1.835132e-01   1.406397e-01   1.406397e-01   6.036810e-02   6.036810e-02   3.468500e-02   3.468500e-02
 1.509819e+00   1.509819e+00   1.805436e+00   1.805436e+00   8.599559e-01   8.599559e-01   2.613209e-01   2.613209e-01   6.127996e-01   6.127996e-01
 1.597660e-03   1.597660e-03   1.338320e-03   1.338320e-03   6.139800e-04   6.139800e-04   2.808300e-04   2.808300e-04   0.000000e+00   0.000000e+00
 5.772860e-03   5.772860e-03   5.689290e-03   5.689290e-03   4.907420e-03   4.907420e-03   5.034790e-03   5.034790e-03   7.763900e-03   7.763900e-03
 3.532060e-06   3.532060e-06   6.100500e-06   6.100500e-06   3.843480e-06   3.843480e-06   1.641060e-06   1.641060e-06   1.272370e-06   1.272370e-06
 0.000000e+00   0.000000e+00   0.000000e+00   0.000000e+00   0.000000e+00   0.000000e+00   0.000000e+00   0.000000e+00   0.000000e+00   0.000000e+00
 0.000000e+00   0.000000e+00   0.000000e+00   0.000000e+00   0.000000e+00   0.000000e+00   0.000000e+00   0.000000e+00   0.000000e+00   0.000000e+00
 0.000000e+00   0.000000e+00   0.000000e+00   0.000000e+00   0.000000e+00   0.000000e+00   0.000000e+00   0.000000e+00   0.000000e+00   0.000000e+00
 0.000000e+00   0.000000e+00   0.000000e+00   0.000000e+00   0.000000e+00   0.000000e+00   0.000000e+00   0.000000e+00   0.000000e+00   0.000000e+00
 0.000000e+00   0.000000e+00   0.000000e+00   0.000000e+00   0.000000e+00   0.000000e+00   0.000000e+00   0.000000e+00   0.000000e+00   0.000000e+00
 4.343243e+02   4.343243e+02   5.155975e+02   5.155975e+02   5.697423e+02   5.697423e+02   6.807103e+02   6.807103e+02   5.911487e+02   5.911487e+02
 3.696105e+02   3.696105e+02   1.048502e+02   1.048502e+02   8.478691e+02   8.478691e+02   2.238446e+03   2.238446e+03   2.232392e+03   2.232392e+03
 6.031740e+00   6.031740e+00   7.990910e+00   7.990910e+00   1.017780e+01   1.017780e+01   1.436507e+01   1.436507e+01   1.319777e+01   1.319777e+01
 4.374220e+00   4.374220e+00   7.525120e+00   7.525120e+00   1.372202e+01   1.372202e+01   3.316956e+01   3.316956e+01   4.211056e+01   4.211056e+01
 2.576635e-02   2.576635e-02   3.208036e-02   3.208036e-02   4.012153e-02   4.012153e-02   5.695944e-02   5.695944e-02   7.945348e-02   7.945348e-02
 0.000000e+00   0.000000e+00   0.000000e+00   0.000000e+00   0.000000e+00   0.000000e+00   0.000000e+00   0.000000e+00   0.000000e+00   0.000000e+00
 0.000000e+00   0.000000e+00   0.000000e+00   0.000000e+00   0.000000e+00   0.000000e+00   0.000000e+00   0.000000e+00   0.000000e+00   0.000000e+00
 0.000000e+00   0.000000e+00   0.000000e+00   0.000000e+00   0.000000e+00   0.000000e+00   0.000000e+00   0.000000e+00   0.000000e+00   0.000000e+00
 0.000000e+00   0.000000e+00   0.000000e+00   0.000000e+00   0.000000e+00   0.000000e+00   0.000000e+00   0.000000e+00   0.000000e+00   0.000000e+00
 0.000000e+00   0.000000e+00   0.000000e+00   0.000000e+00   0.000000e+00   0.000000e+00   0.000000e+00   0.000000e+00   0.000000e+00   0.000000e+00
 0.000000e+00   0.000000e+00   0.000000e+00   0.000000e+00   0.000000e+00   0.000000e+00   0.000000e+00   0.000000e+00   0.000000e+00   0.000000e+00
 0.000000e+00   0.000000e+00   0.000000e+00   0.000000e+00   0.000000e+00   0.000000e+00   0.000000e+00   0.000000e+00   0.000000e+00   0.000000e+00
 0.000000e+00   0.000000e+00   0.000000e+00   0.000000e+00   0.000000e+00   0.000000e+00   0.000000e+00   0.000000e+00   0.000000e+00   0.000000e+00
 0.000000e+00   0.000000e+00   0.000000e+00   0.000000e+00   0.000000e+00   0.000000e+00   0.000000e+00   0.000000e+00   0.000000e+00   0.000000e+00
 0.000000e+00   0.000000e+00   0.000000e+00   0.000000e+00   0.000000e+00   0.000000e+00   0.000000e+00   0.000000e+00   0.000000e+00   0.000000e+00

 5.680684e-01   5.680684e-01   5.413234e-01   5.413234e-01   6.349922e-01   6.349922e-01   7.037211e-01   7.037211e-01   7.950814e-01   7.950814e-01
 6.940055e-01   6.940055e-01   6.353362e-01   6.353362e-01   7.646409e-01   7.646409e-01   7.286066e-01   7.286066e-01   7.228880e-01   7.228880e-01
 5.927757e-01   5.927757e-01   6.177463e-01   6.177463e-01   7.492761e-01   7.492761e-01   8.123441e-01   8.123441e-01   8.086941e-01   8.086941e-01
 5.768212e-01   5.768212e-01   6.649998e-01   6.649998e-01   8.177142e-01   8.177142e-01   8.442918e-01   8.442918e-01   8.310178e-01   8.310178e-01
 7.169278e-01   7.169278e-01   7.428861e-01   7.428861e-01   7.122176e-01   7.122176e-01   6.708636e-01   6.708636e-01   7.679001e-01   7.679001e-01
 0.000000e+00   0.000000e+00   0.000000e+00   0.000000e+00   0.000000e+00   0.000000e+00   0.000000e+00   0.000000e+00   0.000000e+00   0.000000e+00
 0.000000e+00   0.000000e+00   0.000000e+00   0.000000e+00   0.000000e+00   0.000000e+00   0.000000e+00   0.000000e+00   0.000000e+00   0.000000e+00
 0.000000e+00   0.000000e+00   0.000000e+00   0.000000e+00   0.000000e+00   0.000000e+00   0.000000e+00   0.000000e+00   0.000000e+00   0.000000e+00
 0.000000e+00   0.000000e+00   0.000000e+00   0.000000e+00   0.000000e+00   0.000000e+00   0.000000e+00   0.000000e+00   0.000000e+00   0.000000e+00
 0.000000e+00   0.000000e+00   0.000000e+00   0.000000e+00   0.000000e+00   0.000000e+00   0.000000e+00   0.000000e+00   0.000000e+00   0.000000e+00
 8.342771e+01   8.342771e+01   8.531605e+01   8.531605e+01   2.550447e+01   2.550447e+01   7.637660e+00   7.637660e+00  -2.054071e+01  -2.054071e+01
 4.529391e+01   4.529391e+01   7.422869e+01   7.422869e+01  -2.847212e+01  -2.847212e+01   2.851920e+00   2.851920e+00  -8.241090e+00  -8.241090e+00
 7.064543e+01   7.064543e+01   7.497505e+01   7.497505e+01   2.725635e+01   2.725635e+01  -2.152320e+00  -2.152320e+00   3.958557e+01   3.958557e+01
 1.596020e+02   1.596020e+02   1.117127e+02   1.117127e+02  -2.660656e+01  -2.660656e+01  -4.489682e+01  -4.489682e+01  -4.504261e+01  -4.504261e+01
 8.205142e+01   8.205142e+01   2.679446e+01   2.679446e+01   8.361398e+01   8.361398e+01   9.920932e+01   9.920932e+01   6.877856e+01   6.877856e+01
 0.000000e+00   0.000000e+00   0.000000e+00   0.000000e+00   0.000000e+00   0.000000e+00   0.000000e+00   0.000000e+00   0.000000e+00   0.000000e+00
 0.000000e+00   0.000000e+00   0.000000e+00   0.000000e+00   0.000000e+00   0.000000e+00   0.000000e+00   0.000000e+00   0.000000e+00   0.000000e+00
 0.000000e+00   0.000000e+00   0.000000e+00   0.000000e+00   0.000000e+00   0.000000e+00   0.000000e+00   0.000000e+00   0.000000e+00   0.000000e+00
 0.000000e+00   0.000000e+00   0.000000e+00   0.000000e+00   0.000000e+00   0.000000e+00   0.000000e+00   0.000000e+00   0.000000e+00   0.000000e+00
 0.000000e+00   0.000000e+00   0.000000e+00   0.000000e+00   0.000000e+00   0.000000e+00   0.000000e+00   0.000000e+00   0.000000e+00   0.000000e+00
 0.000000e+00   0.000000e+00   0.000000e+00   0.000000e+00   0.000000e+00   0.000000e+00   0.000000e+00   0.000000e+00   0.000000e+00   0.000000e+00
 0.000000e+00   0.000000e+00   0.000000e+00   0.000000e+00   0.000000e+00   0.000000e+00   0.000000e+00   0.000000e+00   0.000000e+00   0.000000e+00
 0.000000e+00   0.000000e+00   0.000000e+00   0.000000e+00   0.000000e+00   0.000000e+00   0.000000e+00   0.000000e+00   0.000000e+00   0.000000e+00
 0.000000e+00   0.000000e+00   0.000000e+00   0.000000e+00   0.000000e+00   0.000000e+00   0.000000e+00   0.000000e+00   0.000000e+00   0.000000e+00
 0.000000e+00   0.000000e+00   0.000000e+00   0.000000e+00   0.000000e+00   0.000000e+00   0.000000e+00   0.000000e+00   0.000000e+00   0.000000e+00

-8.430136e-01  -8.430136e-01  -8.514417e-01  -8.514417e-01  -8.372258e-01  -8.372258e-01  -8.595242e-01  -8.595242e-01  -9.053818e-01  -9.053818e-01
-3.040674e-01  -3.040674e-01  -4.142658e-01  -4.142658e-01  -4.002285e-01  -4.002285e-01  -3.257968e-01  -3.257968e-01  -4.250462e-01  -4.250462e-01
 6.141869e-01   6.141869e-01   6.717955e-01   6.717955e-01   6.202413e-01   6.202413e-01   5.366736e-01   5.366736e-01   5.413756e-01   5.413756e-01
-6.999776e-01  -6.999776e-01  -7.875925e-01  -7.875925e-01  -7.378792e-01  -7.378792e-01  -8.291503e-01  -8.291503e-01  -8.364706e-01  -8.364706e-01
 0.000000e+00   0.000000e+00   0.000000e+00   0.000000e+00   0.000000e+00   0.000000e+00   0.000000e+00   0.000000e+00   0.000000e+00   0.000000e+00
 0.000000e+00   0.000000e+00   0.000000e+00   0.000000e+00   0.000000e+00   0.000000e+00   0.000000e+00   0.000000e+00   0.000000e+00   0.000000e+00
 0.000000e+00   0.000000e+00   0.000000e+00   0.000000e+00   0.000000e+00   0.000000e+00   0.000000e+00   0.000000e+00   0.000000e+00   0.000000e+00
 0.000000e+00   0.000000e+00   0.000000e+00   0.000000e+00   0.000000e+00   0.000000e+00   0.000000e+00   0.000000e+00   0.000000e+00   0.000000e+00
 4.492854e+01   4.492854e+01   3.688029e+01   3.688029e+01   1.152503e+01   1.152503e+01   2.254867e+01   2.254867e+01   1.074859e+01   1.074859e+01
 8.908279e+01   8.908279e+01   7.472851e+01   7.472851e+01   5.476469e+01   5.476469e+01   5.191666e+01   5.191666e+01   1.245802e+02   1.245802e+02
-2.321560e+02  -2.321560e+02  -8.515530e+01  -8.515530e+01  -1.006927e+02  -1.006927e+02  -9.207924e+01  -9.207924e+01  -1.123332e+02  -1.123332e+02
 6.182480e+00   6.182480e+00   6.495467e+01   6.495467e+01  -6.893440e+00  -6.893440e+00   2.924196e+01   2.924196e+01  -1.081457e+01  -1.081457e+01
 0.000000e+00   0.000000e+00   0.000000e+00   0.000000e+00   0.000000e+00   0.000000e+00   0.000000e+00   0.000000e+00   0.000000e+00   0.000000e+00
 0.000000e+00   0.000000e+00   0.000000e+00   0.000000e+00   0.000000e+00   0.000000e+00   0.000000e+00   0.000000e+00   0.000000e+00   0.000000e+00
 0.000000e+00   0.000000e+00   0.000000e+00   0.000000e+00   0.000000e+00   0.000000e+00   0.000000e+00   0.000000e+00   0.000000e+00   0.000000e+00
 0.000000e+00   0.000000e+00   0.000000e+00   0.000000e+00   0.000000e+00   0.000000e+00   0.000000e+00   0.000000e+00   0.000000e+00   0.000000e+00
 0.000000e+00   0.000000e+00   0.000000e+00   0.000000e+00   0.000000e+00   0.000000e+00   0.000000e+00   0.000000e+00   0.000000e+00   0.000000e+00
-3.659407e+04  -3.659407e+04  -1.467196e+04  -1.467196e+04  -1.195794e+04  -1.195794e+04  -1.608553e+04  -1.608553e+04  -5.048077e+04  -5.048077e+04
 7.825468e+04   7.825468e+04   2.005950e+03   2.005950e+03   2.999026e+04  -2.999026e+04   4.779153e+04   4.779153e+04   5.947928e+04   5.947928e+04
 0.000000e+00   0.000000e+00   0.000000e+00   0.000000e+00   0.000000e+00   0.000000e+00   0.000000e+00   0.000000e+00   0.000000e+00   0.000000e+00


 2.444439e-01   2.444439e-01   2.444439e-01   2.444439e-01   2.444439e-01   2.444439e-01   2.444439e-01   2.444439e-01   2.444439e-01   2.444439e-01
 1.530816e+00   1.530816e+00   1.530816e+00   1.530816e+00   1.530816e+00   1.530816e+00   1.530816e+00   1.530816e+00   1.530816e+00   1.530816e+00
 1.015020e-03   1.015020e-03   1.015020e-03   1.015020e-03   1.015020e-03   1.015020e-03   1.015020e-03   1.015020e-03   1.015020e-03   1.015020e-03
 4.621360e-03   4.621360e-03   4.621360e-03   4.621360e-03   4.621360e-03   4.621360e-03   4.621360e-03   4.621360e-03   4.621360e-03   4.621360e-03
 1.015650e-06   1.015650e-06   1.015650e-06   1.015650e-06   1.015650e-06   1.015650e-06   1.015650e-06   1.015650e-06   1.015650e-06   1.015650e-06
 0.000000e+00   0.000000e+00   0.000000e+00   0.000000e+00   0.000000e+00   0.000000e+00   0.000000e+00   0.000000e+00   0.000000e+00   0.000000e+00
 0.000000e+00   0.000000e+00   0.000000e+00   0.000000e+00   0.000000e+00   0.000000e+00   0.000000e+00   0.000000e+00   0.000000e+00   0.000000e+00
 0.000000e+00   0.000000e+00   0.000000e+00   0.000000e+00   0.000000e+00   0.000000e+00   0.000000e+00   0.000000e+00   0.000000e+00   0.000000e+00
 0.000000e+00   0.000000e+00   0.000000e+00   0.000000e+00   0.000000e+00   0.000000e+00   0.000000e+00   0.000000e+00   0.000000e+00   0.000000e+00
 0.000000e+00   0.000000e+00   0.000000e+00   0.000000e+00   0.000000e+00   0.000000e+00   0.000000e+00   0.000000e+00   0.000000e+00   0.000000e+00
 1.644332e+02   1.644332e+02   1.644332e+02   1.644332e+02   1.644332e+02   1.644332e+02   1.644332e+02   1.644332e+02   1.644332e+02   1.644332e+02
 5.906122e+02   5.906122e+02   5.906122e+02   5.906122e+02   5.906122e+02   5.906122e+02   5.906122e+02   5.906122e+02   5.906122e+02   5.906122e+02
 5.238160e+00   5.238160e+00   5.238160e+00   5.238160e+00   5.238160e+00   5.238160e+00   5.238160e+00   5.238160e+00   5.238160e+00   5.238160e+00
 5.614500e+00   5.614500e+00   5.614500e+00   5.614500e+00   5.614500e+00   5.614500e+00   5.614500e+00   5.614500e+00   5.614500e+00   5.614500e+00
 2.565761e-02   2.565761e-02   2.565761e-02   2.565761e-02   2.565761e-02   2.565761e-02   2.565761e-02   2.565761e-02   2.565761e-02   2.565761e-02
 0.000000e+00   0.000000e+00   0.000000e+00   0.000000e+00   0.000000e+00   0.000000e+00   0.000000e+00   0.000000e+00   0.000000e+00   0.000000e+00
 0.000000e+00   0.000000e+00   0.000000e+00   0.000000e+00   0.000000e+00   0.000000e+00   0.000000e+00   0.000000e+00   0.000000e+00   0.000000e+00
 0.000000e+00   0.000000e+00   0.000000e+00   0.000000e+00   0.000000e+00   0.000000e+00   0.000000e+00   0.000000e+00   0.000000e+00   0.000000e+00
 0.000000e+00   0.000000e+00   0.000000e+00   0.000000e+00   0.000000e+00   0.000000e+00   0.000000e+00   0.000000e+00   0.000000e+00   0.000000e+00
 0.000000e+00   0.000000e+00   0.000000e+00   0.000000e+00   0.000000e+00   0.000000e+00   0.000000e+00   0.000000e+00   0.000000e+00   0.000000e+00
 0.000000e+00   0.000000e+00   0.000000e+00   0.000000e+00   0.000000e+00   0.000000e+00   0.000000e+00   0.000000e+00   0.000000e+00   0.000000e+00
 0.000000e+00   0.000000e+00   0.000000e+00   0.000000e+00   0.000000e+00   0.000000e+00   0.000000e+00   0.000000e+00   0.000000e+00   0.000000e+00
 0.000000e+00   0.000000e+00   0.000000e+00   0.000000e+00   0.000000e+00   0.000000e+00   0.000000e+00   0.000000e+00   0.000000e+00   0.000000e+00
 0.000000e+00   0.000000e+00   0.000000e+00   0.000000e+00   0.000000e+00   0.000000e+00   0.000000e+00   0.000000e+00   0.000000e+00   0.000000e+00
 0.000000e+00   0.000000e+00   0.000000e+00   0.000000e+00   0.000000e+00   0.000000e+00   0.000000e+00   0.000000e+00   0.000000e+00   0.000000e+00

 1.022365e+00   1.022365e+00   1.022365e+00   1.022365e+00   1.022365e+00   1.022365e+00   1.022365e+00   1.022365e+00   1.022365e+00   1.022365e+00
 7.253740e+00   7.253740e+00   7.253740e+00   7.253740e+00   7.253740e+00   7.253740e+00   7.253740e+00   7.253740e+00   7.253740e+00   7.253740e+00
 5.383260e-03   5.383260e-03   5.383260e-03   5.383260e-03   5.383260e-03   5.383260e-03   5.383260e-03   5.383260e-03   5.383260e-03   5.383260e-03
 1.690749e-02   1.690749e-02   1.690749e-02   1.690749e-02   1.690749e-02   1.690749e-02   1.690749e-02   1.690749e-02   1.690749e-02   1.690749e-02
 1.002083e-05   1.002083e-05   1.002083e-05   1.002083e-05   1.002083e-05   1.002083e-05   1.002083e-05   1.002083e-05   1.002083e-05   1.002083e-05
 0.000000e+00   0.000000e+00   0.000000e+00   0.000000e+00   0.000000e+00   0.000000e+00   0.000000e+00   0.000000e+00   0.000000e+00   0.000000e+00
 0.000000e+00   0.000000e+00   0.000000e+00   0.000000e+00   0.000000e+00   0.000000e+00   0.000000e+00   0.000000e+00   0.000000e+00   0.000000e+00
 0.000000e+00   0.000000e+00   0.000000e+00   0.000000e+00   0.000000e+00   0.000000e+00   0.000000e+00   0.000000e+00   0.000000e+00   0.000000e+00
 0.000000e+00   0.000000e+00   0.000000e+00   0.000000e+00   0.000000e+00   0.000000e+00   0.000000e+00   0.000000e+00   0.000000e+00   0.000000e+00
 0.000000e+00   0.000000e+00   0.000000e+00   0.000000e+00   0.000000e+00   0.000000e+00   0.000000e+00   0.000000e+00   0.000000e+00   0.000000e+00
 7.788464e+02   7.788464e+02   7.788464e+02   7.788464e+02   7.788464e+02   7.788464e+02   7.788464e+02   7.788464e+02   7.788464e+02   7.788464e+02
 1.258491e+03   1.258491e+03   1.258491e+03   1.258491e+03   1.258491e+03   1.258491e+03   1.258491e+03   1.258491e+03   1.258491e+03   1.258491e+03
 1.495108e+01   1.495108e+01   1.495108e+01   1.495108e+01   1.495108e+01   1.495108e+01   1.495108e+01   1.495108e+01   1.495108e+01   1.495108e+01
 1.815568e+01   1.815568e+01   1.815568e+01   1.815568e+01   1.815568e+01   1.815568e+01   1.815568e+01   1.815568e+01   1.815568e+01   1.815568e+01
 5.706044e-02   5.706044e-02   5.706044e-02   5.706044e-02   5.706044e-02   5.706044e-02   5.706044e-02   5.706044e-02   5.706044e-02   5.706044e-02
 0.000000e+00   0.000000e+00   0.000000e+00   0.000000e+00   0.000000e+00   0.000000e+00   0.000000e+00   0.000000e+00   0.000000e+00   0.000000e+00
 0.000000e+00   0.000000e+00   0.000000e+00   0.000000e+00   0.000000e+00   0.000000e+00   0.000000e+00   0.000000e+00   0.000000e+00   0.000000e+00
 0.000000e+00   0.000000e+00   0.000000e+00   0.000000e+00   0.000000e+00   0.000000e+00   0.000000e+00   0.000000e+00   0.000000e+00   0.000000e+00
 0.000000e+00   0.000000e+00   0.000000e+00   0.000000e+00   0.000000e+00   0.000000e+00   0.000000e+00   0.000000e+00   0.000000e+00   0.000000e+00
 0.000000e+00   0.000000e+00   0.000000e+00   0.000000e+00   0.000000e+00   0.000000e+00   0.000000e+00   0.000000e+00   0.000000e+00   0.000000e+00
 0.000000e+00   0.000000e+00   0.000000e+00   0.000000e+00   0.000000e+00   0.000000e+00   0.000000e+00   0.000000e+00   0.000000e+00   0.000000e+00
 0.000000e+00   0.000000e+00   0.000000e+00   0.000000e+00   0.000000e+00   0.000000e+00   0.000000e+00   0.000000e+00   0.000000e+00   0.000000e+00
 0.000000e+00   0.000000e+00   0.000000e+00   0.000000e+00   0.000000e+00   0.000000e+00   0.000000e+00   0.000000e+00   0.000000e+00   0.000000e+00
 0.000000e+00   0.000000e+00   0.000000e+00   0.000000e+00   0.000000e+00   0.000000e+00   0.000000e+00   0.000000e+00   0.000000e+00   0.000000e+00
 0.000000e+00   0.000000e+00   0.000000e+00   0.000000e+00   0.000000e+00   0.000000e+00   0.000000e+00   0.000000e+00   0.000000e+00   0.000000e+00

 5.274390e-01   5.274390e-01   5.274390e-01   5.274390e-01   5.274390e-01   5.274390e-01   5.274390e-01   5.274390e-01   5.274390e-01   5.274390e-01
 5.741911e-01   5.741911e-01   5.741911e-01   5.741911e-01   5.741911e-01   5.741911e-01   5.741911e-01   5.741911e-01   5.741911e-01   5.741911e-01
 6.645576e-01   6.645576e-01   6.645576e-01   6.645576e-01   6.645576e-01   6.645576e-01   6.645576e-01   6.645576e-01   6.645576e-01   6.645576e-01
 6.125352e-01   6.125352e-01   6.125352e-01   6.125352e-01   6.125352e-01   6.125352e-01   6.125352e-01   6.125352e-01   6.125352e-01   6.125352e-01
 6.069772e-01   6.069772e-01   6.069772e-01   6.069772e-01   6.069772e-01   6.069772e-01   6.069772e-01   6.069772e-01   6.069772e-01   6.069772e-01
 0.000000e+00   0.000000e+00   0.000000e+00   0.000000e+00   0.000000e+00   0.000000e+00   0.000000e+00   0.000000e+00   0.000000e+00   0.000000e+00
 0.000000e+00   0.000000e+00   0.000000e+00   0.000000e+00   0.000000e+00   0.000000e+00   0.000000e+00   0.000000e+00   0.000000e+00   0.000000e+00
 0.000000e+00   0.000000e+00   0.000000e+00   0.000000e+00   0.000000e+00   0.000000e+00   0.000000e+00   0.000000e+00   0.000000e+00   0.000000e+00
 0.000000e+00   0.000000e+00   0.000000e+00   0.000000e+00   0.000000e+00   0.000000e+00   0.000000e+00   0.000000e+00   0.000000e+00   0.000000e+00
 0.000000e+00   0.000000e+00   0.000000e+00   0.000000e+00   0.000000e+00   0.000000e+00   0.000000e+00   0.000000e+00   0.000000e+00   0.000000e+00
-5.886188e+01  -5.886188e+01  -5.886188e+01  -5.886188e+01  -5.886188e+01  -5.886188e+01  -5.886188e+01  -5.886188e+01  -5.886188e+01  -5.886188e+01
 1.750816e+01   1.750816e+01   1.750816e+01   1.750816e+01   1.750816e+01   1.750816e+01   1.750816e+01   1.750816e+01   1.750816e+01   1.750816e+01
 2.455221e+01   2.455221e+01   2.455221e+01   2.455221e+01   2.455221e+01   2.455221e+01   2.455221e+01   2.455221e+01   2.455221e+01   2.455221e+01
-3.189227e+01  -3.189227e+01  -3.189227e+01  -3.189227e+01  -3.189227e+01  -3.189227e+01  -3.189227e+01  -3.189227e+01  -3.189227e+01  -3.189227e+01
 5.144058e+01   5.144058e+01   5.144058e+01   5.144058e+01   5.144058e+01   5.144058e+01   5.144058e+01   5.144058e+01   5.144058e+01   5.144058e+01
 0.000000e+00   0.000000e+00   0.000000e+00   0.000000e+00   0.000000e+00   0.000000e+00   0.000000e+00   0.000000e+00   0.000000e+00   0.000000e+00
 0.000000e+00   0.000000e+00   0.000000e+00   0.000000e+00   0.000000e+00   0.000000e+00   0.000000e+00   0.000000e+00   0.000000e+00   0.000000e+00
 0.000000e+00   0.000000e+00   0.000000e+00   0.000000e+00   0.000000e+00   0.000000e+00   0.000000e+00   0.000000e+00   0.000000e+00   0.000000e+00
 0.000000e+00   0.000000e+00   0.000000e+00   0.000000e+00   0.000000e+00   0.000000e+00   0.000000e+00   0.000000e+00   0.000000e+00   0.000000e+00
 0.000000e+00   0.000000e+00   0.000000e+00   0.000000e+00   0.000000e+00   0.000000e+00   0.000000e+00   0.000000e+00   0.000000e+00   0.000000e+00
 0.000000e+00   0.000000e+00   0.000000e+00   0.000000e+00   0.000000e+00   0.000000e+00   0.000000e+00   0.000000e+00   0.000000e+00   0.000000e+00
 0.000000e+00   0.000000e+00   0.000000e+00   0.000000e+00   0.000000e+00   0.000000e+00   0.000000e+00   0.000000e+00   0.000000e+00   0.000000e+00
 0.000000e+00   0.000000e+00   0.000000e+00   0.000000e+00   0.000000e+00   0.000000e+00   0.000000e+00   0.000000e+00   0.000000e+00   0.000000e+00
 0.000000e+00   0.000000e+00   0.000000e+00   0.000000e+00   0.000000e+00   0.000000e+00   0.000000e+00   0.000000e+00   0.000000e+00   0.000000e+00
 0.000000e+00   0.000000e+00   0.000000e+00   0.000000e+00   0.000000e+00   0.000000e+00   0.000000e+00   0.000000e+00   0.000000e+00   0.000000e+00

-9.679955e-01  -9.679955e-01  -9.679955e-01  -9.679955e-01  -9.679955e-01  -9.679955e-01  -9.679955e-01  -9.679955e-01  -9.679955e-01  -9.679955e-01
-8.439453e-01  -8.439453e-01  -8.439453e-01  -8.439453e-01  -8.439453e-01  -8.439453e-01  -8.439453e-01  -8.439453e-01  -8.439453e-01  -8.439453e-01
 8.318343e-01   8.318343e-01   8.318343e-01   8.318343e-01   8.318343e-01   8.318343e-01   8.318343e-01   8.318343e-01   8.318343e-01   8.318343e-01
-9.583845e-01  -9.583845e-01  -9.583845e-01  -9.583845e-01  -9.583845e-01  -9.583845e-01  -9.583845e-01  -9.583845e-01  -9.583845e-01  -9.583845e-01
 0.000000e+00   0.000000e+00   0.000000e+00   0.000000e+00   0.000000e+00   0.000000e+00   0.000000e+00   0.000000e+00   0.000000e+00   0.000000e+00
 0.000000e+00   0.000000e+00   0.000000e+00   0.000000e+00   0.000000e+00   0.000000e+00   0.000000e+00   0.000000e+00   0.000000e+00   0.000000e+00
 0.000000e+00   0.000000e+00   0.000000e+00   0.000000e+00   0.000000e+00   0.000000e+00   0.000000e+00   0.000000e+00   0.000000e+00   0.000000e+00
 0.000000e+00   0.000000e+00   0.000000e+00   0.000000e+00   0.000000e+00   0.000000e+00   0.000000e+00   0.000000e+00   0.000000e+00   0.000000e+00
 5.731790e+01   5.731790e+01   5.731790e+01   5.731790e+01   5.731790e+01   5.731790e+01   5.731790e+01   5.731790e+01   5.731790e+01   5.731790e+01
 5.625561e+02   5.625561e+02   5.625561e+02   5.625561e+02   5.625561e+02   5.625561e+02   5.625561e+02   5.625561e+02   5.625561e+02   5.625561e+02
-1.927917e+02  -1.927917e+02  -1.927917e+02  -1.927917e+02  -1.927917e+02  -1.927917e+02  -1.927917e+02  -1.927917e+02  -1.927917e+02  -1.927917e+02
 1.010120e+02   1.010120e+02   1.010120e+02   1.010120e+02   1.010120e+02   1.010120e+02   1.010120e+02   1.010120e+02   1.010120e+02   1.010120e+02
 0.000000e+00   0.000000e+00   0.000000e+00   0.000000e+00   0.000000e+00   0.000000e+00   0.000000e+00   0.000000e+00   0.000000e+00   0.000000e+00
 0.000000e+00   0.000000e+00   0.000000e+00   0.000000e+00   0.000000e+00   0.000000e+00   0.000000e+00   0.000000e+00   0.000000e+00   0.000000e+00
 0.000000e+00   0.000000e+00   0.000000e+00   0.000000e+00   0.000000e+00   0.000000e+00   0.000000e+00   0.000000e+00   0.000000e+00   0.000000e+00
 0.000000e+00   0.000000e+00   0.000000e+00   0.000000e+00   0.000000e+00   0.000000e+00   0.000000e+00   0.000000e+00   0.000000e+00   0.000000e+00
 0.000000e+00   0.000000e+00   0.000000e+00   0.000000e+00   0.000000e+00   0.000000e+00   0.000000e+00   0.000000e+00   0.000000e+00   0.000000e+00
-2.073354e+05  -2.073354e+05  -2.073354e+05  -2.073354e+05  -2.073354e+05  -2.073354e+05  -2.073354e+05  -2.073354e+05  -2.073354e+05  -2.073354e+05
 6.478830e+04   6.478830e+04   6.478830e+04   6.478830e+04   6.478830e+04   6.478830e+04   6.478830e+04   6.478830e+04   6.478830e+04   6.478830e+04
 0.000000e+00   0.000000e+00   0.000000e+00   0.000000e+00   0.000000e+00   0.000000e+00   0.000000e+00   0.000000e+00   0.000000e+00   0.000000e+00



#####################################################################################
###                                                                               ###
###  PION-TRACK PARAMETRISATION (DC1 LAYOUT):                                     ###
###                                                                               ###
###  Sequence of the input parameters:                                            ###
###                                                                               ###
###    pT_min                                                                     ###
###    |eta|_min, |eta|_max                                                       ###
###    N_eta (number of |eta| bins)                                               ###
###    N_rT  (number of rT bins)                                                  ###
###    rT bin boundaries                                                          ###
###                                                                               ###
###  For each of the rT bins there are four blocks of numbers, representing       ###
###  parameters in the pT-dependent fit functions for                             ###
###                                                                               ###
###   - Gaussian core resolutions for each of the five track-parameters           ###
###     d0, z0, phi0, cot(theta0), q/pT                                           ###
###   - Gaussian tails resolutions for each of the five track-parameters          ###
###     d0, z0, phi0, cot(theta0), q/pT                                           ###
###   - Gaussian core fractions for each of the five track-parameters             ###
###     d0, z0, phi0, cot(theta0), q/pT                                           ###
###   - correlation coefficients (only non-negligible ones), denoted rho,         ###
###     for the pairs of track-parameter resolutions                              ###
###     (d0,phi0), (d0,q/pT), (phi0,q/pT), (z0,cot(theta0))                       ###
###                                                                               ###
###  Each column is for a given discrete |eta| value:                             ###
###                                                                               ###
###     column n  --> |eta| = ( n - 0.5 ) * 0.25, n = 1, ..., N_eta               ###
###                                                                               ###
###  All pT-dependencies can satisfactorily be described using a power series     ###
###  of the type                                                                  ###
###                                                                               ###
###   - correlation coefficients (only non-negligible ones), denoted rho,         ###
###     for the pairs of track-parameter resolutions                              ###
###     (d0,phi0), (d0,q/pT), (phi0,q/pT), (z0,cot(theta0))                       ###
###                                                                               ###
###  Each column is for a given discrete |eta| value:                             ###
###                                                                               ###
###     column n  --> |eta| = (n - 0.5) * 0.25, n = 1, ..., N_eta                 ###
###                                                                               ###
###  All pT-dependencies can satisfactorily be described using a power series     ###
###  of the type                                                                  ###
###                                                                               ###
###   f(pT) = C0(eta) + C1(eta)/sqrt(pT)                                          ###
###                   + C2(eta)/pT                                                ###
###                   + C3(eta)/(pT*sqrt(pT))                                     ###
###                   + C4(eta)/(pT*pT)                                           ###
###                                                                               ###
###  For each rT bin, the first block gives the Ci (i = 0,1,2,3,4) values for     ###
###  the Gaussian cores, the second block the Ci's for the Gaussian tails,        ###
###  the third block the Ci's for the core fractions, and the fourth block        ###
###  the Ci's for the correlation coefficients, in the order                      ###
###                                                                               ###
###   C0(eta) for d0, z0, phi0, cot(theta0), q/pT  for Gaussian cores             ###
###   C1(eta) for d0, z0, phi0, cot(theta0), q/pT  for Gaussian cores             ###
###   C2(eta) for d0, z0, phi0, cot(theta0), q/pT  for Gaussian cores             ###
###   C3(eta) for d0, z0, phi0, cot(theta0), q/pT  for Gaussian cores             ###
###   C4(eta) for d0, z0, phi0, cot(theta0), q/pT  for Gaussian cores             ###
###                                                                               ###
###   C0(eta) for d0, z0, phi0, cot(theta0), q/pT  for Gaussian tails             ###
###   C1(eta) for d0, z0, phi0, cot(theta0), q/pT  for Gaussian tails             ###
###   C2(eta) for d0, z0, phi0, cot(theta0), q/pT  for Gaussian tails             ###
###   C3(eta) for d0, z0, phi0, cot(theta0), q/pT  for Gaussian tails             ###
###   C4(eta) for d0, z0, phi0, cot(theta0), q/pT  for Gaussian tails             ###
###                                                                               ###
###   C0(eta) for d0, z0, phi0, cot(theta0), q/pT  for Gaussian core fractions    ###
###   C1(eta) for d0, z0, phi0, cot(theta0), q/pT  for Gaussian core fractions    ###
###   C2(eta) for d0, z0, phi0, cot(theta0), q/pT  for Gaussian core fractions    ###
###   C3(eta) for d0, z0, phi0, cot(theta0), q/pT  for Gaussian core fractions    ###
###   C4(eta) for d0, z0, phi0, cot(theta0), q/pT  for Gaussian core fractions    ###
###                                                                               ###
###   C0(eta) for rho(d0,phi0), rho(d0,q/pT), rho(phi0,q/pT), rho(z0,cot(theta0)) ###
###   C1(eta) for rho(d0,phi0), rho(d0,q/pT), rho(phi0,q/pT), rho(z0,cot(theta0)) ###
###   C2(eta) for rho(d0,phi0), rho(d0,q/pT), rho(phi0,q/pT), rho(z0,cot(theta0)) ###
###   C3(eta) for rho(d0,phi0), rho(d0,q/pT), rho(phi0,q/pT), rho(z0,cot(theta0)) ###
###   C4(eta) for rho(d0,phi0), rho(d0,q/pT), rho(phi0,q/pT), rho(z0,cot(theta0)) ###
###                                                                               ###
#####################################################################################
